1 15
2 14
3 13
4 12
5 11
6 10
7 9
8 8
9 15
10 14
11 13
12 12
13 11
14 10
15 9
16 8
17 15
18 14
19 13
20 12
21 11
22 10
23 9
24 8
25 15
26 14
27 13
28 12
29 11
30 10
31 9
32 8
33 15
34 14
35 13
36 12
37 11
38 10
39 9
40 8
41 15
42 14
43 13
44 12
45 11
46 10
47 9
48 8
49 15
50 14
51 13
52 12
53 11
54 10
55 9
56 8
57 15
58 14
59 13
60 12
61 11
62 10
63 9
64 8
65 15
66 14
67 13
68 12
69 11
70 10
71 9
72 8
73 15
74 14
75 13
76 12
77 11
78 10
79 9
80 8
81 15
82 14
83 13
84 12
85 11
86 10
87 9
88 8
89 15
90 14
91 13
92 12
93 11
94 10
95 9
96 8
97 15
98 14
99 13
100 12
101 11
102 10
103 9
104 8
105 15
106 14
107 13
108 12
109 11
110 10
111 9
112 8
113 15
114 14
115 13
116 12
117 11
118 10
119 9
120 8
121 15
122 14
123 13
124 12
125 11
126 10
127 9
128 8
129 15
130 14
131 13
132 12
133 11
134 10
135 9
136 8
137 15
138 14
139 13
140 12
141 11
142 10
143 9
144 8
145 15
146 14
147 13
148 12
149 11
150 10
151 9
152 8
153 15
154 14
155 13
156 12
157 11
158 10
159 9
160 8
161 15
162 14
163 13
164 12
165 11
166 10
167 9
168 8
169 15
170 14
171 13
172 12
173 11
174 10
175 9
176 8
177 15
178 14
179 13
180 12
181 11
182 10
183 9
184 8
185 15
186 14
187 13
188 12
189 11
190 10
191 9
192 8
193 15
194 14
195 13
196 12
197 11
198 10
199 9
200 8
201 15
202 14
203 13
204 12
